17
6 5 2 1
11 12 6 9 13 18 2 4 5 7 10 8
19 4 8 9 11 24 23 10 2 15 5 12 16 6 13 7 3 20
18 12 9 20 7 8 10 6 2 3 14 19 1
44 34 52 36 3 12 31 21 62 42 9 11 16 51 35 29 33 38 5 19 1 53 32 48 17 46 24 2 22 30 40 18 6 61 60 4 37 50 8 13 47 7 57 14 56 45 49 27
9 2 29 24 38 22 34 14 36 28 21 15 57 39 48 12 44 47 18 55 4 30 1 52 54 37 32 42 43 23 51 58 49 35 40 3 17 16
19 42 38 45 23 33 40 6 3 31 49 46 53 10 22 8 13 18 7 15 47 9 43 39 36 14 51 1 2 5 21 29 54 20 35 32 55 12 44 11 37 52 4 26
16 23 21 10 18 20 17 22 13 24 12 4 11 9 5 7 8 1 6 26 2
15 36 43 18 22 40 6 1 39 30 42 21 38 11 23 3 28 47 20 17 26 31 25 33 45 4 10 12 19 29 44 37 2 46 16 27 34
3 4 1
39 31 22 51 3 5 62 43 32 13 47 21 41 27 19 59 49 9 16 64 42 68 54 2 74 12 25 72 73 18 28 34 33 50 35 14 7 57 67 61 30 4
18 26 9 12 21 13 20 24 22 28 29 6 16 11 1 27 14 8 15 10 17 4 31 3 19 30 23 5 25
2 1
14 9 16 12 6 5 23 25 27 1 11 3 21 10 8 22 26 2 20 7
12 18 6 24 30 26 7 23 11 14 28 1 29 20 16 10 15 17 25 13 9 5
42 46 32 15 51 11 23 6 33 35 1 26 30 48 3 22 10 49 39 2 12 7 36 13 55 24 34 21 19 44
49 41 1 10 3 39 38 8 16 23 6 44 18 25 2 30 17 24 21 33 15 12 13 36 40 5 45 11 31 20 27 19 26 28 35 46 47 14 22 7 32 34 9 29